0 1
0 35
0 4
0 65
0 33
0 104
0 9
0 16
0 41
0 23
0 90
0 93
1 33
1 37
1 103
1 105
1 45
1 109
1 89
1 57
1 25
1 27
1 101
2 64
2 3
2 100
2 6
2 72
2 74
2 13
2 14
2 47
2 15
2 60
2 106
3 5
3 102
3 81
3 40
3 74
3 11
3 72
3 52
3 84
3 26
3 58
4 5
4 104
4 9
4 108
4 16
4 41
4 23
4 28
4 93
4 69
5 97
5 98
5 10
5 11
5 81
5 107
5 52
5 84
5 90
5 74
6 32
6 64
6 100
6 39
6 106
6 7
6 47
6 85
6 55
6 58
6 60
7 68
7 8
7 73
7 108
7 77
7 78
7 111
7 40
7 82
7 21
7 22
8 68
8 9
8 77
8 78
8 111
8 51
8 21
8 22
8 41
8 90
9 64
9 41
9 108
9 16
9 104
9 22
9 23
9 93
10 98
10 107
10 102
10 72
10 74
10 11
10 81
10 84
10 60
11 97
11 104
11 50
11 24
11 90
11 28
11 69
12 34
12 36
12 38
12 43
12 13
12 14
12 17
12 18
12 85
12 26
13 32
13 64
13 100
13 39
13 106
13 45
13 110
13 15
13 60
14 99
14 38
14 71
14 43
14 15
14 85
14 54
14 26
15 32
15 68
15 39
15 92
15 106
15 47
15 114
15 100
15 60
16 67
16 38
16 81
16 104
16 17
16 41
16 23
16 93
17 96
17 65
17 113
17 20
17 87
17 58
17 27
17 62
17 95
18 34
18 99
18 36
18 38
18 71
18 42
18 19
18 54
18 61
18 31
19 33
19 35
19 36
19 101
19 44
19 79
19 94
19 55
19 29
19 30
20 96
20 65
20 36
20 70
20 113
20 75
20 76
20 21
20 87
20 62
21 32
21 68
21 108
21 77
21 46
21 111
21 51
21 22
22 68
22 108
22 77
22 78
22 47
22 51
22 23
23 104
23 78
23 111
23 41
23 90
23 93
24 66
24 69
24 110
24 50
24 84
24 87
24 25
24 90
24 28
25 37
25 33
25 105
25 106
25 103
25 45
25 109
25 53
25 89
26 34
26 38
26 42
26 43
26 85
26 27
26 61
27 96
27 70
27 65
27 76
27 56
27 95
27 62
27 63
28 69
28 38
28 78
28 113
28 50
28 90
29 35
29 101
29 42
29 79
29 80
29 82
29 94
29 55
29 91
29 30
30 35
30 101
30 44
30 82
30 79
30 50
30 55
30 109
30 94
31 32
31 34
31 99
31 71
31 43
31 79
31 85
31 54
31 55
31 61
32 64
32 100
32 39
32 106
32 49
32 47
33 37
33 103
33 105
33 45
33 109
33 89
34 35
34 71
34 42
34 99
34 54
34 61
34 94
35 101
35 44
35 79
35 94
35 55
35 92
36 37
36 43
36 58
36 59
37 105
37 103
37 45
37 109
37 80
37 89
37 95
38 71
38 39
38 43
38 85
38 54
39 100
39 106
39 47
39 82
39 54
39 60
40 98
40 102
40 72
40 41
40 74
40 107
40 81
40 51
40 52
41 67
41 104
41 93
42 43
42 57
42 63
43 70
43 79
43 85
43 61
44 112
44 66
44 75
44 45
44 48
44 86
44 57
44 91
45 105
45 103
45 109
45 89
45 62
46 67
46 73
46 110
46 47
46 49
46 114
46 83
46 53
46 88
46 111
47 64
47 100
47 60
47 61
48 96
48 66
48 75
48 98
48 49
48 53
48 86
48 57
48 91
48 92
49 67
49 73
49 110
49 114
49 83
49 84
49 53
49 88
50 68
50 69
50 78
50 51
50 90
51 68
51 101
51 108
51 77
51 78
51 111
52 98
52 102
52 74
52 112
52 72
52 84
52 53
53 67
53 73
53 114
53 83
53 110
53 86
53 88
54 99
54 71
54 55
54 61
55 101
55 79
55 94
55 89
56 96
56 65
56 70
56 106
56 76
56 87
56 57
56 62
56 95
57 112
57 75
57 86
57 91
57 92
58 97
58 101
58 114
58 88
58 59
58 63
59 97
59 66
59 76
59 113
59 60
59 63
60 64
60 71
60 106
61 99
61 71
61 92
61 62
62 70
62 105
62 76
62 87
62 95
63 64
63 65
63 97
63 109
63 112
64 100
64 106
64 111
65 96
65 66
65 70
65 113
65 87
66 91
66 76
66 75
66 112
66 86
66 92
67 68
67 104
67 110
67 114
67 83
67 73
67 88
68 108
68 78
68 111
69 70
69 88
69 83
69 90
69 91
69 95
70 103
70 76
70 113
70 95
71 99
71 72
72 102
72 107
72 81
72 104
72 74
73 110
73 74
73 77
73 114
73 83
73 88
74 102
74 82
74 84
75 112
75 107
75 76
75 86
75 92
76 96
76 113
76 95
77 98
77 108
77 78
77 111
77 82
78 108
78 111
79 101
79 109
79 80
79 94
80 105
80 110
80 93
80 82
80 85
80 86
80 91
80 94
81 98
81 107
81 82
81 83
81 84
82 100
82 93
82 94
83 110
83 114
83 84
83 88
84 98
84 107
85 99
86 97
86 87
86 91
86 92
87 96
87 113
87 104
87 95
88 107
88 110
88 114
88 89
89 99
89 105
89 103
89 109
91 112
91 93
91 92
92 112
92 106
93 104
94 101
95 113
96 113
96 112
97 98
97 112
98 102
98 107
99 100
100 102
102 103
102 107
103 105
103 109
104 114
105 109
108 111
110 114